--For Question 1 through 4 the output depends on the values you populate onto the respective tables.



--5. a) CREATE FUNCTION


--5. b)
 bookno |        title         | price 
--------+----------------------+-------
   2002 | OperatingSystems     |    25
   2007 | ProgrammingLanguages |    15
   2009 | Calculus             |    10
   2011 | Anthropology         |    50
   2013 | RealAnalysis         |    35
(5 rows)

 
bookno | title | price 
--------+-------+-------
(0 rows)


-- 5.c.i) 

sid  | sname 
------+-------
 1011 | Nick
 1013 | Lisa
 1020 | Ahmed
(3 rows)


-- 5.c.ii) 

 sid  
------
 1022
(1 row)


-- 5.c.iii) 

 sid  | sid  
------+------
 1004 | 1006
 1016 | 1015
 1008 | 1005
 1015 | 1016
 1015 | 1021
 1016 | 1021
 1006 | 1004
 1021 | 1015
 1021 | 1016
 1005 | 1008
(10 rows)


-- 6 .a)
CREATE FUNCTION


--6. b)

 sid  |   sname   
------+-----------
 1002 | Maria
 1007 | Catherine
 1009 | Jan
 1010 | Linda
 1013 | Lisa
 1017 | Ellen
 1020 | Ahmed
(7 rows)

 sid  |   sname   
------+-----------
 1007 | Catherine
(1 row)


--6. c)

 bookno 
--------
   2001
   2002
   2006
   2007
   2008
   2012
   2013
   2011
(8 rows)

-- 7) a) CREATE FUNCTION

-- 7. b.i) 
sid  | numberofbooksboughtbystudent 
------+------------------------------
 1002 |                            6
 1004 |                            6
 1006 |                            6
 1007 |                           10
 1011 |                            3
 1013 |                            3
(6 rows)


-- 7. b.ii) 

 sid  
------
 1001
 1002
 1003
 1004
 1005
 1006
 1007
 1008
 1009
 1010
 1011
 1012
 1013
 1014
 1015
 1016
 1017
 1020
 1021
 1022
(20 rows)


-- 7. b.iii) 
 
 sid  | sid  
------+------
 1001 | 1003
 1001 | 1009
 1001 | 1017
 1002 | 1004
 1002 | 1006
 1002 | 1010
 1003 | 1001
 1003 | 1009
 1003 | 1017
 1004 | 1002
 1004 | 1006
 1004 | 1010
 1005 | 1008
 1006 | 1002
 1006 | 1004
 1006 | 1010
 1008 | 1005
 1009 | 1001
 1009 | 1003
 1009 | 1017
 1010 | 1002
 1010 | 1004
 1010 | 1006
 1011 | 1013
 1011 | 1014
 1012 | 1020
 1013 | 1011
 1013 | 1014
 1014 | 1011
 1014 | 1013
 1015 | 1016
 1015 | 1021
 1016 | 1015
 1016 | 1021
 1017 | 1001
 1017 | 1003
 1017 | 1009
 1020 | 1012
 1021 | 1015
 1021 | 1016
(40 rows)


--8) a)

 sid  | numberofbooksboughtbystudent 
------+------------------------------
 1001 |                            5
 1002 |                            6
 1003 |                            5
 1004 |                            6
 1005 |                            4
 1006 |                            6
 1008 |                            4
 1009 |                            5
 1010 |                            6
 1011 |                            3
 1012 |                            2
 1013 |                            3
 1014 |                            3
 1015 |                            0
 1016 |                            0
 1017 |                            5
 1020 |                            2
 1021 |                            0
 1022 |                            1
(19 rows)


--8) b)

 bookno 
--------
   2001
   2003
   2008
(3 rows)


--8. c)

 bookno |  title   
--------+----------
   2009 | Calculus
(1 row)


--8. d)

 sid  | bookno 
------+--------
 1001 |   2009
 1002 |   2007
 1003 |   2007
 1004 |   2007
 1005 |   2007
 1006 |   2007
 1007 |   2009
 1008 |   2007
 1009 |   2002
 1010 |   2003
 1011 |   2002
 1012 |   2011
 1013 |   2001
 1014 |   2008
 1014 |   2011
 1017 |   2003
 1020 |   2001
 1022 |   2014
(18 rows)


--8. e)
 major 
-------
 CS
(1 row)


--8. f)
 bookno 
--------
   2001
   2002
   2012
   2013
   2011
(5 rows)


--8. g)
 sid  | sid  
------+------
 1001 | 1012
 1001 | 1013
 1001 | 1014
 1001 | 1017
 1003 | 1020
 1004 | 1020
 1005 | 1017
 1005 | 1020
 1006 | 1020
 1008 | 1017
 1008 | 1020
 1011 | 1020
 1012 | 1001
 1012 | 1017
 1012 | 1020
 1013 | 1001
 1014 | 1001
 1014 | 1020
 1017 | 1001
 1017 | 1005
 1017 | 1008
 1017 | 1012
 1020 | 1003
 1020 | 1004
 1020 | 1005
 1020 | 1006
 1020 | 1008
 1020 | 1011
 1020 | 1012
 1020 | 1014
(30 rows)


--8. h) k =0

 sone | stwo 
------+------
 1001 | 1015
 1001 | 1016
 1001 | 1021
 1002 | 1003
 1002 | 1005
 1002 | 1008
 1002 | 1009
 1002 | 1011
 1002 | 1012
 1002 | 1013
 1002 | 1015
 1002 | 1016
 1002 | 1020
 1002 | 1021
 1003 | 1005
 1003 | 1008
 1003 | 1011
 1003 | 1012
 1003 | 1015
 1003 | 1016
 1003 | 1021
 1004 | 1005
 1004 | 1006
 1004 | 1008
 1004 | 1012
 1004 | 1014
 1004 | 1015
 1004 | 1016
 1004 | 1021
 1005 | 1008
 1005 | 1012
 1005 | 1015
 1005 | 1016
 1005 | 1021
 1006 | 1004
 1006 | 1005
 1006 | 1008
 1006 | 1012
 1006 | 1014
 1006 | 1015
 1006 | 1016
 1006 | 1021
 1007 | 1001
 1007 | 1002
 1007 | 1003
 1007 | 1005
 1007 | 1008
 1007 | 1009
 1007 | 1010
 1007 | 1011
 1007 | 1012
 1007 | 1013
 1007 | 1014
 1007 | 1015
 1007 | 1016
 1007 | 1017
 1007 | 1020
 1007 | 1021
 1008 | 1005
 1008 | 1012
 1008 | 1015
 1008 | 1016
 1008 | 1021
 1009 | 1011
 1009 | 1012
 1009 | 1013
 1009 | 1015
 1009 | 1016
 1009 | 1020
 1009 | 1021
 1010 | 1009
 1010 | 1011
 1010 | 1012
 1010 | 1013
 1010 | 1015
 1010 | 1016
 1010 | 1020
 1010 | 1021
 1011 | 1012
 1011 | 1015
 1011 | 1016
 1011 | 1021
 1012 | 1015
 1012 | 1016
 1012 | 1021
 1013 | 1012
 1013 | 1015
 1013 | 1016
 1013 | 1020
 1013 | 1021
 1014 | 1012
 1014 | 1015
 1014 | 1016
 1014 | 1021
 1015 | 1016
 1015 | 1021
 1016 | 1015
 1016 | 1021
 1017 | 1015
 1017 | 1016
 1017 | 1020
 1017 | 1021
 1020 | 1015
 1020 | 1016
 1020 | 1021
 1021 | 1015
 1021 | 1016
 1022 | 1015
 1022 | 1016
 1022 | 1021
(110 rows)


--8. h) k =1

 sone | stwo 
------+------
 1001 | 1003
 1001 | 1005
 1001 | 1008
 1001 | 1011
 1001 | 1012
 1001 | 1022
 1002 | 1001
 1002 | 1010
 1002 | 1014
 1002 | 1022
 1003 | 1001
 1003 | 1002
 1003 | 1009
 1003 | 1013
 1003 | 1014
 1003 | 1020
 1003 | 1022
 1004 | 1003
 1004 | 1011
 1004 | 1013
 1004 | 1020
 1004 | 1022
 1005 | 1003
 1005 | 1011
 1005 | 1013
 1005 | 1014
 1005 | 1020
 1005 | 1022
 1006 | 1003
 1006 | 1011
 1006 | 1013
 1006 | 1020
 1006 | 1022
 1007 | 1004
 1007 | 1006
 1007 | 1022
 1008 | 1003
 1008 | 1011
 1008 | 1013
 1008 | 1014
 1008 | 1020
 1008 | 1022
 1009 | 1002
 1009 | 1003
 1009 | 1005
 1009 | 1008
 1009 | 1010
 1009 | 1014
 1009 | 1022
 1010 | 1002
 1010 | 1003
 1010 | 1005
 1010 | 1008
 1010 | 1014
 1010 | 1017
 1010 | 1022
 1011 | 1013
 1011 | 1014
 1011 | 1020
 1011 | 1022
 1012 | 1011
 1012 | 1013
 1012 | 1014
 1012 | 1020
 1012 | 1022
 1013 | 1011
 1013 | 1014
 1013 | 1022
 1014 | 1011
 1014 | 1013
 1014 | 1020
 1014 | 1022
 1015 | 1022
 1016 | 1022
 1017 | 1011
 1017 | 1012
 1017 | 1013
 1017 | 1014
 1017 | 1022
 1020 | 1012
 1020 | 1013
 1020 | 1022
 1021 | 1022
(83 rows)


--8. h) k =5

 sone | stwo 
------+------
 1001 | 1007
 1003 | 1007
 1004 | 1007
 1006 | 1007
 1009 | 1007
 1015 | 1001
 1015 | 1003
 1015 | 1009
 1015 | 1017
 1016 | 1001
 1016 | 1003
 1016 | 1009
 1016 | 1017
 1017 | 1007
 1020 | 1001
 1020 | 1004
 1020 | 1006
 1021 | 1001
 1021 | 1003
 1021 | 1009
 1021 | 1017
 1022 | 1001
 1022 | 1003
 1022 | 1009
 1022 | 1017
(25 rows)


--8. h) k =8

 sone | stwo 
------+------
 1012 | 1007
 1020 | 1007
(2 rows)


--8. h) k =9

 sone | stwo 
------+------
(0 rows)


